     0/299      6.4G    0.1295   0.02839   0.05288    0.2108        46       640         0         0         0         0    0.1331    0.0254   0.05415
     1/299     6.68G    0.1259   0.02501   0.05178    0.2027        59       640         0         0         0         0    0.1306   0.02229   0.05384
     2/299     6.68G    0.1227   0.02292   0.04965    0.1953        42       640         0         0         0         0    0.1283   0.02157   0.05522
     3/299     6.68G    0.1205   0.02397   0.04957     0.194        43       640 0.0002483  0.005952 1.491e-05 1.491e-06    0.1273   0.02105   0.05647
     4/299     6.69G    0.1204   0.02316   0.04791    0.1915        38       640 0.0003386  0.005952 1.427e-05 1.427e-06    0.1246   0.02083   0.05482
     5/299     6.69G    0.1185   0.02304   0.04692    0.1885        54       640 4.823e-05  0.005051 7.338e-06 4.403e-06    0.1235   0.02065   0.05463
     6/299     6.69G     0.118   0.02413   0.04551    0.1877        53       640 0.0001599  0.005952 1.716e-05 1.716e-06    0.1206   0.02081   0.05245
     7/299     6.69G    0.1178   0.02425   0.04521    0.1873        67       640         0         0         0         0    0.1186   0.02151    0.0509
     8/299     6.69G    0.1172   0.02442   0.04277    0.1844        65       640         0         0         0         0    0.1192    0.0215   0.05314
     9/299     6.69G    0.1146   0.02501   0.04248    0.1821        42       640         0         0         0         0    0.1222   0.02138   0.04673
    10/299     6.69G    0.1225   0.02508   0.04339     0.191        84       640         0         0         0         0    0.1238   0.02188   0.04225
    11/299     6.69G    0.1176    0.0265   0.03959    0.1837        79       640 0.0004173  0.005952 3.658e-05 4.369e-06    0.1202   0.02263   0.04199
    12/299     6.69G    0.1169   0.02621    0.0428    0.1859        64       640    0.1676  0.005952 5.643e-05 1.313e-05    0.1188   0.02247   0.04056
    13/299     6.69G    0.1189   0.02722   0.04208    0.1882        59       640    0.3369    0.0119  0.001569 0.0002178    0.1199   0.02296   0.03947
    14/299     6.69G    0.1143   0.02837   0.04075    0.1834        27       640    0.6847   0.01786  0.002663 0.0005807    0.1189   0.02322   0.03927
    15/299     6.69G    0.1145   0.02826   0.03816    0.1809        58       640    0.8436   0.02381  0.005503 0.0009279    0.1176   0.02363   0.03712
    16/299     6.69G     0.116    0.0287   0.03946    0.1842        47       640    0.8822   0.02976   0.01597  0.002245    0.1159   0.02392   0.03979
    17/299     6.69G    0.1035   0.02868   0.03748    0.1697        47       640    0.8722   0.04167   0.02255  0.004572    0.1145    0.0241   0.03972
    18/299     6.69G    0.1021   0.02999   0.03752    0.1696        43       640    0.9273   0.06548    0.0567   0.01647    0.1127   0.02404     0.038
    19/299     6.69G    0.1131   0.02861   0.03857    0.1803        34       640    0.7279   0.06912   0.05263   0.01272    0.1028    0.0236   0.03719
    20/299     6.69G    0.1079    0.0295   0.03336    0.1707        32       640    0.9025   0.07738   0.06616   0.01442    0.1083   0.02377   0.03867
    21/299     6.69G    0.1016   0.02967   0.03346    0.1647        42       640    0.9269   0.05357   0.04843  0.009763     0.112   0.02284   0.03424
    22/299     6.69G    0.1062   0.02929   0.03337    0.1689        51       640    0.8807    0.1181   0.04306   0.01062    0.1114   0.02425   0.03179
    23/299     6.69G   0.09463   0.03041    0.0341    0.1591        45       640    0.8983   0.09524   0.05808   0.01494   0.09477   0.02426   0.03986
    24/299     6.69G   0.08915   0.03065   0.03529    0.1551        42       640    0.8713   0.07143   0.04301  0.009513   0.07965   0.02394   0.03515
    25/299     6.69G   0.07846   0.02969   0.03298    0.1411        59       640    0.8947    0.1012   0.08755   0.02898   0.08878    0.0222   0.03807
    26/299     6.69G    0.0786   0.02911   0.03376    0.1415        81       640    0.6059     0.223    0.1223   0.03386   0.09561   0.02274   0.03826
    27/299     6.69G   0.07945   0.02766   0.03305    0.1402        51       640    0.6234    0.2121    0.1558   0.04572   0.08551    0.0203   0.03352
    28/299     6.69G   0.07987    0.0263   0.03219    0.1384        48       640    0.6631    0.2123     0.164   0.04224   0.08143   0.01922   0.03387
    29/299     6.69G   0.07654   0.02667   0.03519    0.1384        53       640   0.07621    0.2612    0.1297   0.04249   0.08263   0.01801    0.0315
    30/299     6.69G    0.0768   0.02716    0.0313    0.1353        46       640    0.1197    0.3131    0.1923   0.07252   0.08347   0.01915   0.03187
    31/299     6.69G   0.07696   0.02583   0.03017     0.133        65       640    0.1609    0.2932    0.1906   0.06547   0.08142   0.01809   0.03235
    32/299     6.69G   0.07477   0.02512   0.03268    0.1326        48       640    0.3064    0.3556    0.2565   0.06631   0.06738   0.01902   0.02832
    33/299     6.69G   0.06858    0.0258   0.03172    0.1261        64       640    0.1321    0.3222     0.176   0.05254   0.08011   0.01768   0.03103
    34/299     6.69G   0.07123   0.02455   0.03061    0.1264        54       640    0.1544    0.3085    0.1922   0.05648   0.09162   0.01563   0.03107
    35/299     6.69G   0.07281   0.02481   0.03167    0.1293        46       640     0.158    0.4138    0.2197   0.07025   0.06969   0.01595   0.03614
    36/299     6.69G   0.06393   0.02329   0.02749    0.1147        52       640    0.1636    0.3556    0.1742    0.0521   0.07453    0.0147   0.03266
    37/299     6.69G   0.06265   0.02318   0.02792    0.1138        50       640     0.297    0.3415    0.2869   0.08861   0.06863   0.01599   0.02577
    38/299     6.69G   0.07295   0.02296   0.03263    0.1285        46       640    0.3152      0.41    0.3102    0.1052   0.07632   0.01578   0.02739
    39/299     6.69G   0.06482   0.02201   0.02773    0.1146        45       640     0.258    0.3983    0.2403    0.0778   0.06949   0.01522   0.02852
    40/299     6.69G   0.06782    0.0223   0.03089     0.121        73       640    0.3237    0.3788    0.2747   0.09393    0.0829   0.01409   0.02873
    41/299     6.69G   0.06289   0.02189   0.02567    0.1105        66       640    0.1722    0.5117    0.2314   0.07291   0.07474   0.01416    0.0267
    42/299     6.69G   0.07057   0.01942   0.02634    0.1163        48       640    0.2437    0.4716    0.2796   0.05725   0.06809   0.01431   0.02984
    43/299     6.69G   0.06918   0.02121   0.02734    0.1177        65       640    0.2857    0.5592    0.3856    0.1362   0.07159   0.01404   0.02715
    44/299     6.69G   0.06392   0.02098   0.02631    0.1112        51       640    0.4686    0.4966    0.4144    0.1481   0.06547   0.01473   0.03082
    45/299     6.69G   0.06539   0.02137   0.02817    0.1149        54       640    0.3624     0.525     0.398    0.1404   0.06352    0.0146   0.02412
    46/299     6.69G   0.06546    0.0212   0.02602    0.1127        73       640    0.4683    0.5178    0.4668    0.1615   0.06448    0.0143   0.02536
    47/299     6.69G   0.06796   0.02112    0.0238    0.1129        54       640    0.3112    0.5695    0.3924    0.1394   0.06915   0.01448   0.02511
    48/299     6.69G   0.06899   0.02112   0.02301    0.1131        46       640    0.4361    0.5213    0.4144    0.1447   0.07102   0.01486    0.0236
    49/299     6.69G   0.06926   0.02151   0.02301    0.1138        53       640     0.485    0.5612    0.4966    0.1634   0.07215   0.01392   0.02148
    50/299     6.69G   0.05981   0.01892   0.02129       0.1        25       640    0.5877    0.4952    0.4674    0.1812   0.06226    0.0143   0.02062
    51/299     6.69G   0.06306   0.02004   0.02152    0.1046        63       640    0.5428    0.5736    0.5321    0.2169   0.06815   0.01396   0.01861
    52/299     6.69G   0.06296   0.01952   0.01832    0.1008        58       640    0.4831    0.5819    0.5355    0.1954   0.07885   0.01345   0.01837
    53/299     6.69G    0.0655   0.02041   0.02216    0.1081        40       640    0.5896    0.5559    0.5238    0.2092   0.07256   0.01434   0.02041
    54/299     6.69G   0.06257   0.02059   0.02166    0.1048        80       640    0.5062    0.5475    0.5058     0.198   0.06284   0.01421   0.02162
    55/299     6.69G   0.06542   0.01979   0.02222    0.1074        43       640    0.5309    0.6174    0.6018    0.2434   0.06651   0.01403    0.0177
    56/299     6.69G   0.06472   0.02004   0.01873    0.1035        55       640    0.6328    0.5303    0.5491    0.2279   0.07349   0.01421   0.01974
    57/299     6.69G   0.06642   0.02034   0.02184    0.1086        59       640    0.4513    0.6404    0.5332    0.2312   0.05669   0.01406   0.01943
    58/299     6.69G    0.0635   0.01928   0.01876    0.1015        51       640    0.5963     0.601    0.5342    0.2039   0.06825   0.01391   0.02073
    59/299     6.69G   0.06522   0.01914    0.0187    0.1031        49       640    0.6446    0.5797    0.5932    0.2524   0.06673   0.01323   0.01837
    60/299     6.69G   0.06356    0.0192   0.01572   0.09848        65       640    0.5849    0.6572    0.6444    0.2732   0.06433   0.01352   0.01923
    61/299     6.69G   0.06136   0.01916    0.0172   0.09772        52       640    0.5305    0.6301    0.5333    0.2013   0.06759   0.01495   0.01971
    62/299     6.69G   0.06692   0.01908   0.02065    0.1067        42       640    0.6248    0.5762    0.5734    0.2106   0.05892   0.01571    0.0232
    63/299     6.69G    0.0665   0.02009   0.01979    0.1064        53       640    0.4955    0.6222    0.5607    0.1928   0.06016   0.01401    0.0223
    64/299     6.69G   0.06067   0.01898   0.01687   0.09652        66       640    0.7597    0.6329    0.6658    0.2881   0.06297    0.0136   0.02036
    65/299     6.69G   0.05947   0.01965   0.01712   0.09624        69       640    0.6898       0.6    0.6479    0.2406   0.06185   0.01379   0.02017
    66/299     6.69G   0.05788   0.01864   0.01473   0.09126        57       640    0.6295    0.6969    0.6463    0.2456   0.06689   0.01307   0.01602
    67/299     6.69G   0.05793   0.01861   0.01322   0.08976        60       640    0.7515    0.6624    0.6873     0.288   0.05984    0.0128   0.01611
    68/299     6.69G   0.05939   0.01848   0.01452   0.09239        68       640    0.7335    0.6529    0.6836    0.2821   0.05274   0.01333   0.01668
    69/299     6.69G   0.05829   0.01962   0.01512   0.09303        52       640    0.7501    0.5308    0.6053    0.2303   0.06055   0.01503    0.0256
    70/299     6.69G   0.06047   0.02275   0.01636   0.09958        65       640    0.3202    0.4957    0.3903    0.1332     0.069   0.01891   0.03947
    71/299     6.69G   0.06963   0.02484   0.01872    0.1132        56       640    0.6948    0.4799    0.4662    0.1589   0.06854   0.01953   0.03217
    72/299     6.69G   0.06465   0.02221   0.01761    0.1045        51       640    0.6692    0.1987    0.1976   0.05063   0.07536   0.01962   0.05554
    73/299     6.69G   0.06439   0.02387    0.0199    0.1082        57       640    0.2934    0.2233    0.1844   0.06596   0.08693    0.0269   0.06503
    74/299     6.69G   0.06429    0.0232    0.0179    0.1054        43       640    0.5506    0.5183    0.4937    0.1999   0.06921    0.0185   0.02296
    75/299     6.69G   0.06238   0.02209   0.01568    0.1002        67       640    0.5429    0.4516    0.4653    0.1578    0.0618   0.01738   0.01931
    76/299     6.69G   0.06269   0.02162   0.01301   0.09732        33       640     0.686    0.5134    0.5092    0.1826   0.06624   0.01561   0.01608
    77/299     6.69G   0.05278    0.0201   0.01171   0.08459        54       640    0.7834    0.5995    0.6429    0.2612   0.05674   0.01458   0.01469
    78/299     6.69G   0.05927   0.02026   0.01404   0.09357        62       640    0.6723    0.6132    0.6215    0.2462   0.05875   0.01486   0.01378
    79/299     6.69G   0.05668   0.01802   0.01114   0.08585        54       640    0.8146    0.5744    0.6455    0.2232   0.05962   0.01384   0.01288
    80/299     6.69G   0.06063   0.01959   0.01445   0.09467        77       640    0.7109    0.6654    0.6678    0.2583   0.05936   0.01313   0.01401
    81/299     6.69G   0.06005   0.01887   0.01224   0.09116        38       640    0.7818    0.5906    0.6566    0.2771   0.06181   0.01425   0.01361
    82/299     6.69G   0.05428   0.01895   0.01217    0.0854        52       640    0.7351    0.6401    0.6512     0.268   0.05962   0.01304   0.01035
    83/299     6.69G   0.05672   0.01864   0.01048   0.08584        53       640    0.7247    0.6328    0.6469    0.2477   0.07182   0.01244   0.01017
    84/299     6.69G   0.05587   0.01813   0.01021    0.0842        39       640    0.6758    0.6707    0.6676    0.2694   0.06588   0.01264   0.01058
    85/299     6.69G   0.05311    0.0182  0.009276   0.08059        70       640    0.7442    0.6593    0.6611      0.22   0.06335   0.01284   0.01104
    86/299     6.69G    0.0546   0.01718  0.009845   0.08162        50       640    0.7577      0.61    0.6708    0.2562   0.07204   0.01339   0.01333
    87/299     6.69G   0.05785   0.01696   0.01182   0.08663        45       640     0.811    0.5948    0.7018     0.276   0.05815   0.01336   0.01744
    88/299     6.69G   0.05426   0.01747   0.01155   0.08328        61       640    0.6289    0.7054    0.6895    0.2639   0.06027   0.01235   0.01189
    89/299     6.69G   0.05364   0.01669   0.01059   0.08092        32       640    0.7832    0.7784    0.7852    0.3032   0.05964   0.01248   0.01025
    90/299     6.69G   0.05787   0.01682   0.01241    0.0871        46       640    0.7932    0.7473    0.7624    0.3184    0.0567   0.01251   0.01161
    91/299     6.69G   0.05786   0.01765   0.01042   0.08593        66       640    0.7804    0.7482     0.741    0.2827    0.0577   0.01232   0.01073
    92/299     6.69G   0.05204   0.01721  0.008044   0.07729        52       640      0.82    0.7596    0.7839    0.3384   0.04981   0.01187   0.01002
    93/299     6.69G   0.05015   0.01607   0.00993   0.07615        33       640    0.8452    0.7641    0.8249    0.3904   0.05112   0.01182   0.01095
    94/299     6.69G   0.05768    0.0164   0.01194   0.08601        41       640    0.8481     0.771    0.7849    0.3309   0.05353   0.01248   0.01338
    95/299     6.69G   0.05493   0.01713   0.01106   0.08312        57       640    0.8302    0.7746      0.82    0.3564   0.05851   0.01178   0.01035
    96/299     6.69G   0.05264    0.0165  0.007583   0.07673        53       640     0.872    0.7517    0.8066    0.3651   0.05431   0.01156   0.01025
    97/299     6.69G   0.04709     0.016  0.008776   0.07186        55       640    0.9297     0.742    0.8221    0.3668     0.057    0.0115  0.009334
    98/299     6.69G   0.04769   0.01652   0.01001   0.07422        54       640    0.9188    0.7051    0.7922    0.3608   0.05404   0.01153  0.009071
    99/299     6.69G    0.0493   0.01565  0.006799   0.07175        46       640    0.8351    0.7339    0.7952    0.3531   0.05021   0.01171  0.009039
   100/299     6.69G   0.04869    0.0158  0.005975   0.07046        44       640    0.9399    0.7213     0.812    0.3747   0.04683   0.01175  0.009293
   101/299     6.69G   0.05047   0.01616  0.009917   0.07654        56       640    0.8785    0.7784     0.831     0.353   0.04699   0.01133  0.008088
   102/299     6.69G   0.04868   0.01527   0.00828   0.07223        52       640    0.9302    0.7341    0.8057    0.3782   0.05188   0.01202  0.008286
   103/299     6.69G    0.0447   0.01577  0.005304   0.06578        42       640    0.9141    0.8046    0.8699    0.4026   0.04798   0.01111  0.008446
   104/299     6.69G   0.04534   0.01509  0.007863   0.06829        33       640    0.8436    0.6823    0.7677    0.3284   0.06028   0.01436   0.01481
   105/299     6.69G    0.0494   0.01689   0.01164   0.07793        45       640    0.8313    0.7095    0.7617    0.3222   0.06105   0.01268  0.008876
   106/299     6.69G    0.0497   0.01726  0.007568   0.07453        69       640    0.8895    0.7235    0.7867    0.3486   0.05929   0.01373  0.009765
   107/299     6.69G   0.04941   0.01656  0.008223   0.07419        41       640    0.9446    0.7402    0.8075    0.3677   0.04853   0.01267  0.008103
   108/299     6.69G   0.04762   0.01697  0.007813    0.0724        58       640    0.9361       0.7    0.7496    0.3424   0.05412   0.01575   0.01023
   109/299     6.69G   0.04922   0.01904  0.007637    0.0759        65       640    0.8487    0.6376    0.6606    0.2733   0.05974   0.01501   0.01195
   110/299     6.69G   0.04841   0.01709  0.008584   0.07409        47       640    0.8727    0.6483    0.7174    0.2942   0.05576    0.0141   0.01097
   111/299     6.69G   0.04934    0.0169  0.006224   0.07246        45       640    0.8689    0.6864    0.7505    0.3352   0.05247   0.01322  0.009822
   112/299     6.69G   0.04602   0.01671   0.00542   0.06815        63       640    0.9034    0.6955    0.7806    0.3564   0.06014   0.01305   0.01018
   113/299     6.69G   0.05112   0.01686  0.007203   0.07517        64       640    0.9085     0.691    0.7737    0.3431   0.05694     0.012   0.01146
   114/299     6.69G   0.05166   0.01696   0.01161   0.08024        35       640    0.9247    0.6861     0.781    0.3351   0.05294   0.01314   0.01016
   115/299     6.69G   0.04772   0.01649  0.006972   0.07118        43       640    0.8208    0.8079    0.8105    0.3748   0.04537   0.01204   0.01018
   116/299     6.69G   0.04971   0.01692   0.00772   0.07435        53       640    0.8944    0.7209    0.7702    0.3686   0.05082   0.01231   0.01029
   117/299     6.69G   0.04699   0.01677   0.00532   0.06908        43       640    0.9108    0.6964    0.7553    0.3512   0.04591   0.01244    0.0114
   118/299     6.69G   0.04928    0.0162  0.006437   0.07191        43       640    0.8491    0.7066    0.7551    0.3381   0.04982   0.01334   0.01398
   119/299     6.69G   0.04792   0.01655    0.0059   0.07037        45       640     0.945    0.7231    0.7831    0.3691   0.04861   0.01195   0.01093
   120/299     6.69G   0.04508   0.01667  0.007366   0.06912        65       640    0.9625    0.7625    0.8312    0.3815   0.04846   0.01153  0.008444
   121/299     6.69G   0.04525   0.01541  0.005959   0.06662        45       640    0.9136    0.7947    0.8491    0.3968    0.0474   0.01145  0.007908
   122/299     6.69G   0.04467   0.01528  0.005416   0.06537        30       640    0.8828    0.7603    0.8234    0.3873    0.0423   0.01171  0.007831
   123/299     6.69G   0.04602   0.01602  0.005823   0.06786        51       640    0.9186    0.7634    0.8355     0.395   0.05362    0.0113  0.006841
   124/299     6.69G    0.0464   0.01595  0.005918   0.06827        55       640    0.9167    0.7538    0.8254    0.3813   0.04887   0.01178  0.009387
   125/299     6.69G    0.0451   0.01643  0.006276   0.06781        48       640    0.9183     0.745    0.8074    0.3629   0.05122   0.01127   0.01102
   126/299     6.69G   0.04668    0.0169  0.007528    0.0711        55       640    0.2105    0.1134   0.06216   0.01334   0.09685   0.04984   0.05677
   127/299     6.69G   0.04055   0.01577  0.007678   0.06399        40       640    0.5372    0.1798    0.1671   0.03587   0.09286    0.0327   0.04381
   128/299     6.69G    0.0502   0.01529  0.008154   0.07364        27       640    0.8049    0.4419    0.4925    0.1807   0.06502   0.01707   0.02772
   129/299     6.69G   0.04698    0.0168  0.006239   0.07002        59       640    0.9038    0.6669     0.728    0.3119   0.06115   0.01351  0.009062
   130/299     6.69G   0.04549   0.01756  0.005681   0.06873        81       640    0.9492    0.7382     0.802    0.3857    0.0502   0.01195  0.007291
   131/299     6.69G   0.04668   0.01625  0.005513   0.06844        63       640    0.9195    0.7608    0.8286    0.3649    0.0488   0.01161  0.006909
   132/299     6.69G    0.0425   0.01492   0.00651   0.06393        49       640    0.8864    0.7635    0.8191    0.3751   0.04324   0.01161  0.007214
   133/299     6.69G   0.03938   0.01542  0.004349   0.05915        47       640     0.891    0.7678    0.8097    0.3648   0.04724   0.01185  0.006943
   134/299     6.69G   0.04509    0.0162  0.004496   0.06578        64       640     0.865    0.7735    0.7979    0.3559   0.04769    0.0113  0.006224
   135/299     6.69G   0.04273   0.01534  0.006747   0.06482        45       640    0.9298    0.7805    0.8328    0.3704   0.04643   0.01139  0.006206
   136/299     6.69G   0.04362   0.01492  0.005239   0.06377        48       640    0.9134    0.7706     0.837    0.4231   0.04596   0.01187  0.007018
   137/299     6.69G   0.04497   0.01457  0.008974   0.06851        47       640    0.9184    0.7401    0.8219      0.42   0.04551   0.01164  0.007832
   138/299     6.69G   0.04492   0.01506  0.005991   0.06597        58       640    0.9229     0.763    0.8426    0.4168   0.05037    0.0113  0.007136
   139/299     6.69G   0.04263   0.01578  0.005259   0.06367        59       640    0.8987    0.7751    0.8433    0.4241   0.05235   0.01096  0.007314
   140/299     6.69G   0.04183   0.01451  0.005292   0.06163        52       640    0.9023    0.8028    0.8433    0.4046   0.05233   0.01104  0.007977
   141/299     6.69G    0.0438   0.01439  0.005157   0.06335        47       640    0.9505    0.7595    0.8428    0.4309   0.04896    0.0108  0.008999
   142/299     6.69G   0.04158   0.01435  0.006844   0.06277        48       640    0.9492    0.7678    0.8338     0.416   0.04386   0.01106  0.009917
   143/299     6.69G   0.04248   0.01414  0.004929   0.06154        46       640    0.9103     0.789    0.8312    0.3925   0.04046   0.01094  0.009404
   144/299     6.69G   0.04205   0.01438  0.005154   0.06158        45       640    0.8642    0.8333    0.8506    0.3929   0.04351   0.01075  0.009143
   145/299     6.69G   0.03731   0.01331  0.004542   0.05516        51       640    0.8904    0.8364    0.8384    0.4164   0.04362   0.01062  0.007855
   146/299     6.69G   0.04107   0.01418  0.006672   0.06192        57       640    0.8851    0.8206    0.8629     0.418   0.04242   0.01074  0.006475
   147/299     6.69G    0.0379   0.01478  0.003444   0.05612        73       640    0.8926    0.8444    0.8718    0.4288   0.04249   0.01066   0.00554
   148/299     6.69G   0.03954   0.01374  0.005376   0.05865        43       640    0.8697    0.8169    0.8468    0.4078   0.04363   0.01084  0.005971
   149/299     6.69G   0.04331   0.01418  0.003668   0.06115        60       640    0.8908    0.8394    0.8524    0.4149   0.03867   0.01101  0.007236
   150/299     6.69G    0.0382   0.01445  0.003527   0.05617        62       640    0.9337    0.8291    0.8373    0.4251   0.04335   0.01058  0.008066
   151/299     6.69G    0.0439   0.01378  0.004138   0.06182        49       640    0.8841    0.8622    0.8456    0.4115   0.04631    0.0106  0.007861
   152/299     6.69G     0.039   0.01434  0.005154    0.0585        54       640    0.9047    0.8491    0.8388    0.4174    0.0523   0.01036  0.006471
   153/299     6.69G   0.03795   0.01401   0.00496   0.05692        37       640    0.9248    0.8275     0.859    0.4202   0.03846   0.01048   0.00663
   154/299     6.69G   0.03914   0.01399  0.005387   0.05852        49       640    0.9302    0.8166     0.853    0.4432    0.0426   0.01066  0.007593
   155/299     6.69G    0.0378   0.01436  0.003298   0.05546        53       640    0.9255    0.8356    0.8657    0.4456   0.04432   0.01073  0.007694
   156/299     6.69G   0.04092   0.01412  0.003627   0.05867        66       640    0.9396    0.8448    0.8635    0.4398   0.04093   0.01069  0.006926
   157/299     6.69G   0.03629   0.01374  0.003469    0.0535        61       640    0.9075    0.8371    0.8465    0.4213   0.03769   0.01062  0.006438
   158/299     6.69G   0.03842   0.01408  0.003177   0.05568        43       640     0.915    0.8462    0.8482    0.4342   0.04432   0.01032  0.005885
   159/299     6.69G   0.04068   0.01299   0.00739   0.06106        47       640    0.9031    0.8586    0.8454    0.4359    0.0409   0.01037  0.007463
   160/299     6.69G    0.0398   0.01352  0.004504   0.05783        36       640    0.9114    0.8342    0.8405    0.4382   0.04477   0.01035  0.008485
   161/299     6.69G   0.03958   0.01401  0.006481   0.06007        48       640    0.9034    0.8223    0.8449    0.4486   0.04457   0.01049  0.008951
   162/299     6.69G   0.03649   0.01449  0.003625   0.05461        75       640    0.9067    0.8126    0.8415    0.4416   0.03883   0.01065  0.009337
   163/299     6.69G   0.03732   0.01286  0.006045   0.05622        46       640    0.9027    0.8077    0.8279    0.3989   0.03848   0.01085  0.008425
   164/299     6.69G   0.03573   0.01334  0.003199   0.05226        59       640    0.8602    0.8361    0.8483     0.445   0.04287   0.01076  0.008734
   165/299     6.69G   0.03735   0.01437  0.003454   0.05518        54       640    0.9014     0.824    0.8487    0.4365   0.03911   0.01079  0.009097
   166/299     6.69G   0.04116   0.01323  0.003865   0.05826        28       640    0.8925    0.8334    0.8528    0.4267   0.04098   0.01053  0.008122
   167/299     6.69G   0.03781   0.01365  0.003821   0.05528        59       640    0.8908    0.8338     0.843    0.4218   0.04469   0.01055  0.007534
   168/299     6.69G   0.03723   0.01299  0.005706   0.05593        50       640    0.8936    0.8464    0.8499    0.4181   0.04716   0.01032  0.006905
   169/299     6.69G   0.03747   0.01351  0.003603   0.05459        48       640    0.8936    0.8352    0.8468    0.4265   0.04508   0.01029  0.006915
   170/299     6.69G   0.03935   0.01403  0.003453   0.05683        66       640    0.9195    0.8162    0.8533    0.4449   0.04007    0.0103  0.007112
   171/299     6.69G   0.04074   0.01366  0.006838   0.06124        58       640    0.9169    0.8131     0.852    0.4414   0.04054   0.01015  0.007397
   172/299     6.69G   0.03902   0.01428  0.003079   0.05638        66       640    0.9146    0.8235    0.8536    0.4323   0.04149   0.01016  0.006334
   173/299     6.69G   0.03744   0.01413  0.003399   0.05497        75       640    0.9163     0.807    0.8503    0.4164   0.04296   0.01035  0.006084
   174/299     6.69G   0.03964   0.01406  0.004733   0.05844        70       640    0.9155    0.8062    0.8444    0.4143     0.045   0.01034  0.006439
   175/299     6.69G   0.03922   0.01278  0.005875   0.05788        34       640    0.9013    0.8607    0.8636     0.444    0.0436   0.01026  0.006213
   176/299     6.69G   0.03781   0.01374  0.004757    0.0563        52       640    0.9266    0.8475    0.8633    0.4499    0.0431   0.01016  0.007162
   177/299     6.69G   0.03775   0.01315  0.004819   0.05572        38       640    0.9103    0.8371    0.8734    0.4452   0.04191   0.01034  0.008124
   178/299     6.69G   0.03608   0.01344  0.004241   0.05376        44       640     0.911    0.8383    0.8738    0.4524   0.04082   0.01031  0.007408
   179/299     6.69G   0.03375   0.01346  0.005348   0.05257        64       640    0.8938    0.8459    0.8722    0.4419   0.03944   0.01018  0.006581
   180/299     6.69G   0.03693   0.01304  0.002864   0.05283        35       640    0.8999    0.8376    0.8649    0.4364   0.03988   0.01012  0.006724
   181/299     6.69G    0.0384   0.01338  0.003833   0.05561        51       640    0.8679    0.8386    0.8427    0.3977   0.04161   0.01038  0.006571
   182/299     6.69G   0.03751   0.01365  0.003665   0.05482        60       640    0.8763    0.8176    0.8315    0.3724   0.03921   0.01042  0.006915
   183/299     6.69G   0.03409   0.01388  0.005227    0.0532        57       640    0.8497    0.8589     0.853    0.4228   0.03863   0.01048  0.007258
   184/299     6.69G   0.03476   0.01275  0.003323   0.05083        46       640    0.8901    0.8377    0.8592    0.4373   0.04493   0.01032   0.00658
   185/299     6.69G   0.03895    0.0133  0.004562   0.05682        57       640     0.901    0.8432    0.8611    0.4529   0.04498   0.01009  0.005447
   186/299     6.69G   0.03844   0.01304  0.003036   0.05451        52       640    0.8941    0.8577     0.859    0.4471    0.0427   0.01022  0.005421
   187/299     6.69G   0.03655    0.0128  0.002547    0.0519        53       640     0.887    0.8669    0.8643    0.4448   0.03656   0.01033  0.005994
   188/299     6.69G   0.03773   0.01336  0.003104   0.05419        52       640    0.8873    0.8692    0.8609    0.4457    0.0397   0.01024  0.005686
   189/299     6.69G   0.03466   0.01254  0.004484   0.05168        50       640    0.8972    0.8459    0.8529     0.429   0.04174   0.01033  0.005562
   190/299     6.69G   0.03486   0.01297  0.003661   0.05149        65       640    0.8941    0.8549    0.8545    0.4521   0.03598   0.01048  0.005638
   191/299     6.69G   0.03757    0.0131  0.007246   0.05791        57       640    0.9155    0.7972     0.848    0.4382   0.03784   0.01038  0.005372
   192/299     6.69G   0.03518   0.01273  0.004208   0.05211        41       640    0.8915    0.8263    0.8477    0.4378    0.0354    0.0103  0.005687
   193/299     6.69G   0.03844   0.01263   0.00479   0.05586        67       640    0.8659     0.853    0.8585    0.4502   0.04276   0.01022  0.008394
   194/299     6.69G   0.03576   0.01298   0.00367   0.05241        53       640    0.9047    0.8544    0.8647    0.4544    0.0382   0.01025  0.006867
   195/299     6.69G   0.03477   0.01332  0.002584   0.05067        37       640    0.9292    0.8552    0.8708     0.469   0.04213   0.01028  0.006028
   196/299     6.69G   0.03444   0.01361  0.003999   0.05205        70       640    0.8962    0.8494    0.8653     0.457   0.04125   0.01047  0.005897
   197/299     6.69G   0.03575   0.01335   0.00387   0.05297        37       640    0.8691    0.8623    0.8673     0.467   0.03569   0.01037  0.005807
   198/299     6.69G   0.03396   0.01297  0.003167    0.0501        67       640    0.8945     0.837     0.868    0.4652   0.03612   0.01039  0.005088
   199/299     6.69G   0.03484   0.01316  0.002659   0.05066        39       640    0.9036    0.8114    0.8672    0.4302   0.04255   0.01041  0.005431
   200/299     6.69G   0.03552   0.01363  0.002932   0.05208        56       640    0.8644    0.8592    0.8604    0.4429   0.03975   0.01027  0.005989
