     0/299      6.4G    0.1362   0.02838   0.05584    0.2205        42       640         0         0         0         0    0.1324   0.02498   0.05463
     1/299     6.68G    0.1258   0.02492   0.05174    0.2025        57       640         0         0         0         0    0.1305   0.02235   0.05465
     2/299     6.68G    0.1232   0.02327    0.0489    0.1954        44       640         0         0         0         0    0.1286   0.02172   0.05389
     3/299     6.68G    0.1197   0.02374   0.04909    0.1925        55       640 0.0004842  0.005952 3.737e-05 3.737e-06    0.1279   0.02122   0.05358
     4/299     6.68G    0.1194   0.02315   0.04616    0.1887        37       640 0.0003619  0.005952  2.49e-05 4.981e-06    0.1288   0.02089   0.05221
     5/299     6.68G    0.1202   0.02386   0.04479    0.1888        48       640         0         0         0         0    0.1255   0.02077   0.05419
     6/299     6.68G    0.1151   0.02352   0.04507    0.1837        42       640         0         0         0         0    0.1228   0.02145   0.05303
     7/299     6.68G    0.1242   0.02411   0.05051    0.1988        59       640         0         0         0         0    0.1198   0.02142   0.04909
     8/299     6.68G    0.1145   0.02419   0.04473    0.1834        67       640         0         0         0         0    0.1188   0.02179   0.05126
     9/299     6.68G    0.1117   0.02513   0.04378    0.1806        44       640         0         0         0         0     0.119   0.02207   0.04871
    10/299     6.68G    0.1184   0.02635   0.04546    0.1902        85       640 7.404e-05  0.005952 9.877e-06 1.975e-06    0.1176   0.02228    0.0516
    11/299     6.68G    0.1205    0.0258   0.04339    0.1897        74       640 0.0001034  0.005952 6.189e-06 1.238e-06    0.1183   0.02268   0.05895
    12/299     6.69G    0.1084   0.02625   0.04621    0.1809        58       640 0.0005828    0.0119 8.587e-05 8.587e-06    0.1165    0.0232   0.04954
    13/299     6.69G    0.1117   0.02764   0.04259    0.1819        58       640  0.001672    0.0119 0.0005042 0.0001143    0.1153   0.02301   0.05123
    14/299     6.69G    0.1145   0.03028   0.04322     0.188        30       640    0.5053    0.0119  0.002331  0.000533    0.1168   0.02284   0.04721
    15/299     6.69G    0.1129   0.02812    0.0428    0.1838        51       640    0.5111   0.01786  0.005739  0.001374    0.1165   0.02331   0.04456
    16/299     6.69G    0.1077   0.02872   0.04083    0.1773        45       640    0.6844   0.04762   0.01145  0.002938    0.1157    0.0237   0.04123
    17/299     6.69G    0.1106   0.02942   0.04246    0.1825        45       640    0.7371   0.04762    0.0421    0.0124    0.1151   0.02421   0.04006
    18/299     6.69G     0.107   0.02964   0.03681    0.1735        43       640    0.9471   0.05357   0.05899   0.01683    0.1132   0.02491     0.045
    19/299     6.69G    0.1078   0.02909   0.04061    0.1775        38       640    0.9119   0.05357   0.05983   0.01831    0.1128   0.02505   0.03844
    20/299     6.69G    0.1092   0.03078   0.03699     0.177        38       640         1   0.03537   0.05002    0.0175    0.1111   0.02565   0.04157
    21/299     6.69G    0.1036   0.03002   0.03746    0.1711        45       640    0.9454   0.04762   0.05252   0.01218    0.1083   0.02552   0.03716
    22/299     6.69G    0.1086   0.03075   0.03518    0.1745        58       640    0.8785   0.04651   0.03046  0.009351    0.1047   0.02568    0.0382
    23/299     6.69G   0.09716   0.03203   0.03498    0.1642        42       640    0.8661   0.08333   0.03128  0.006539    0.1056   0.02597   0.03819
    24/299     6.69G   0.09452   0.03193   0.03351      0.16        49       640    0.8912    0.0951   0.07127   0.01822   0.09904   0.02492   0.03844
    25/299     6.69G   0.08865   0.03174   0.03903    0.1594        62       640    0.9107   0.07738   0.07496   0.02035   0.09313    0.0248   0.03602
    26/299     6.69G   0.08377   0.03019   0.03392    0.1479        81       640    0.4112    0.2085    0.1148     0.028    0.1078   0.02655    0.0351
    27/299     6.69G   0.08428   0.02886   0.03795    0.1511        58       640    0.6544    0.2177    0.1812   0.05936   0.09263   0.02132   0.03556
    28/299     6.69G   0.08347   0.02764   0.03677    0.1479        52       640    0.4717    0.1704    0.1374   0.03312   0.08697   0.02002   0.03588
    29/299     6.69G   0.07406   0.02838   0.03471    0.1371        51       640     0.648    0.1911     0.186   0.05186   0.08729    0.0188   0.03302
    30/299     6.69G   0.07657   0.02797   0.03279    0.1373        47       640    0.1297    0.3849    0.2014   0.06387   0.08567   0.01868   0.03034
    31/299     6.69G   0.07499   0.02554   0.03316    0.1337        69       640   0.05537    0.2039   0.05491   0.00915    0.0921   0.01691   0.03563
    32/299     6.69G   0.06995   0.02511   0.03441    0.1295        43       640    0.1672     0.381    0.2468   0.08499   0.07344   0.01746    0.0357
    33/299     6.69G   0.07315   0.02441   0.03199    0.1295        62       640    0.1529    0.4194    0.2246   0.06986   0.07051   0.01677   0.03622
    34/299     6.69G    0.0718   0.02495   0.03107    0.1278        56       640    0.1183    0.4052    0.2017   0.06123   0.08452   0.01714   0.03327
    35/299     6.69G   0.06483   0.02407   0.03107      0.12        50       640    0.1514    0.3385     0.182   0.04541   0.08613   0.01692   0.03527
    36/299     6.69G   0.07352   0.02396   0.03033    0.1278        52       640    0.1354    0.3885    0.1945   0.05969   0.07996   0.01625   0.03157
    37/299     6.69G   0.07002   0.02322   0.03413    0.1274        53       640    0.1594    0.5056    0.2476   0.06934   0.07715   0.01668   0.03348
    38/299     6.69G   0.06768    0.0226   0.03011    0.1204        52       640    0.2604     0.436    0.2896   0.09586    0.0793   0.01584   0.03615
    39/299     6.69G   0.06977    0.0229   0.02971    0.1224        49       640    0.2149    0.4399    0.2784   0.09064   0.07791   0.01708   0.03432
    40/299     6.69G   0.06457   0.02361   0.03188    0.1201        77       640    0.2874    0.3671    0.2937    0.1087   0.07889   0.01583   0.02752
    41/299     6.69G   0.06577   0.02381   0.02758    0.1172        71       640    0.2486    0.4194    0.2629   0.08856   0.07045   0.01594   0.02542
    42/299     6.69G   0.07005   0.02083   0.02705    0.1179        48       640    0.3547    0.4461    0.3886    0.1333   0.06584   0.01585   0.02775
    43/299     6.69G   0.07296    0.0213   0.02778     0.122        68       640    0.3516    0.4473    0.3296   0.08536   0.07706   0.01518   0.02763
    44/299     6.69G    0.0654   0.02143   0.02589    0.1127        54       640    0.2992    0.4599    0.2935    0.1054   0.06941   0.01556    0.0271
    45/299     6.69G   0.06701   0.02204   0.02753    0.1166        56       640    0.4197    0.4661    0.4327    0.1632    0.0609   0.01522   0.02739
    46/299     6.69G   0.06817   0.02136   0.02531    0.1148        69       640    0.3809    0.5176    0.4099    0.1553   0.06991   0.01503   0.02765
    47/299     6.69G   0.06042   0.02094   0.02433    0.1057        48       640    0.4152    0.5185    0.4686    0.1719   0.05953   0.01603   0.02377
    48/299     6.69G   0.06049   0.02112   0.02307    0.1047        51       640    0.5311    0.4332    0.4722     0.184   0.06561   0.01513   0.02105
    49/299     6.69G   0.06575   0.02082   0.02531    0.1119        41       640    0.5233    0.4624    0.4481    0.1578     0.065    0.0148   0.02141
    50/299     6.69G   0.06794   0.02079    0.0226    0.1113        31       640     0.461    0.5389    0.5024    0.1899   0.06464    0.0156   0.02376
    51/299     6.69G   0.06798   0.02106   0.02824    0.1173        59       640    0.4799    0.4835    0.4566    0.1476   0.05875   0.01614   0.02603
    52/299     6.69G   0.06391   0.02208   0.02235    0.1083        71       640    0.4656    0.4878    0.4261    0.1614   0.06093    0.0152   0.02005
    53/299     6.69G   0.06616   0.02095    0.0188    0.1059        42       640    0.6763    0.4858    0.5191    0.2022   0.06461   0.01506    0.0187
    54/299     6.69G   0.06558   0.02036   0.02016    0.1061        70       640    0.4193    0.6058    0.4866    0.1831   0.07193   0.01428   0.02132
    55/299     6.69G   0.06903    0.0189   0.02138    0.1093        42       640    0.6317    0.4967    0.4827    0.1992   0.06661   0.01718   0.02262
    56/299     6.69G   0.06526   0.02177   0.01883    0.1059        54       640    0.5265    0.5481    0.5205    0.2011   0.06113   0.01508    0.0252
    57/299     6.69G   0.06651   0.02083   0.02338    0.1107        50       640    0.4533    0.5693    0.4549    0.1609   0.05395   0.01442   0.02427
    58/299     6.69G   0.06479   0.01975   0.01784    0.1024        46       640     0.658     0.515    0.5613    0.2293   0.05982   0.01427   0.02264
    59/299     6.69G   0.06302   0.01989   0.01622   0.09913        53       640    0.6255    0.6455     0.584    0.2218   0.05659   0.01303   0.01916
    60/299     6.69G   0.06166   0.01965   0.01729    0.0986        67       640    0.6682      0.56    0.5707    0.2536   0.05762   0.01376    0.0182
    61/299     6.69G   0.06269   0.01831   0.01534   0.09635        49       640    0.5556    0.6244    0.5965    0.2392   0.06581   0.01334   0.01783
    62/299     6.69G   0.06715   0.01841   0.01725    0.1028        40       640    0.6479     0.656    0.6251    0.2542   0.05364   0.01293   0.01684
    63/299     6.69G   0.06076   0.01866   0.01684   0.09626        46       640    0.6102    0.6818    0.6579    0.2709    0.0642   0.01279   0.01692
    64/299     6.69G   0.05955   0.01781   0.01481   0.09217        63       640    0.6599    0.6872    0.6664    0.2547   0.06209   0.01264   0.01783
    65/299     6.69G   0.05949   0.01822   0.01399    0.0917        63       640    0.7238    0.6491    0.6636    0.2757   0.05534   0.01274   0.01579
    66/299     6.69G   0.05401   0.01819   0.01254   0.08475        60       640     0.619    0.6717    0.6618    0.2946   0.06078   0.01215   0.01609
    67/299     6.69G   0.05471   0.01716   0.01219   0.08405        52       640    0.7318    0.6703    0.6832    0.2942   0.05161   0.01224   0.01826
    68/299     6.69G   0.05585   0.02025   0.01622   0.09232        65       640     0.917    0.4941    0.6123    0.2361   0.06222   0.01748   0.01744
    69/299     6.69G   0.06214   0.02028   0.01784    0.1003        53       640    0.8271    0.5755    0.6619    0.2767   0.06863   0.01584   0.01754
    70/299     6.69G   0.06043   0.01961   0.01485   0.09489        71       640    0.7142    0.4902    0.5906    0.2325   0.06655   0.01484   0.03415
    71/299     6.69G   0.06278   0.02038   0.01405   0.09721        51       640    0.8737    0.5337    0.6192    0.2578   0.06004   0.01504   0.02301
    72/299     6.69G   0.05812    0.0198   0.01241   0.09033        43       640    0.7642    0.5519    0.5977    0.2448   0.05736    0.0138   0.01771
    73/299     6.69G   0.05776   0.01899   0.01058   0.08733        53       640    0.5423    0.6996    0.5975    0.2306   0.06427   0.01367   0.01409
    74/299     6.69G   0.06259   0.01839   0.01222   0.09321        34       640    0.6554    0.5933    0.5987     0.232   0.06035   0.01468   0.01458
    75/299     6.69G   0.06523   0.01987   0.01327   0.09837        74       640    0.7479    0.5183    0.5892    0.2454   0.05969   0.01545   0.01228
    76/299     6.69G   0.05872   0.01943   0.01038   0.08853        33       640    0.8462    0.5448    0.6331    0.2736   0.05654   0.01466   0.01122
    77/299     6.69G   0.05539   0.01881  0.009355   0.08356        47       640    0.8432    0.6355    0.7144    0.3158   0.06736    0.0129   0.01055
    78/299     6.69G   0.06066   0.01984   0.01412   0.09461        60       640    0.7559    0.5225    0.6156    0.2221   0.06897   0.01618   0.01212
    79/299     6.69G    0.0605   0.01821  0.009932   0.08865        52       640    0.5892    0.6554    0.6429    0.2371   0.05669   0.01525   0.01728
    80/299     6.69G   0.05909   0.02027   0.01653   0.09589        75       640    0.8041    0.5859    0.6735    0.2643   0.05842   0.01419   0.01484
    81/299     6.69G   0.05752   0.01797   0.01053   0.08602        37       640    0.8318    0.6713    0.7344    0.3046   0.05994   0.01354   0.01179
    82/299     6.69G   0.05535   0.01863   0.01093   0.08491        51       640    0.8289    0.6043    0.6911    0.2654   0.05431   0.01295   0.01273
    83/299     6.69G   0.05465   0.01778  0.009467    0.0819        52       640    0.7733    0.6796    0.7294    0.2771   0.05835   0.01222   0.01115
    84/299     6.69G   0.05251   0.01855   0.01126   0.08231        40       640    0.7113     0.596    0.5705    0.2306    0.0614    0.0148   0.02139
    85/299     6.69G   0.05971   0.01952   0.01077   0.08999        63       640    0.8922    0.5799    0.6662    0.2536   0.06342   0.01505   0.02122
    86/299     6.69G   0.05503   0.01848   0.01004   0.08355        52       640    0.8071    0.5376    0.6284    0.2595   0.06164   0.01892   0.03108
    87/299     6.69G    0.0545   0.01814   0.01179   0.08443        36       640    0.7791    0.4879    0.5294     0.198   0.06473   0.01938   0.02743
    88/299     6.69G   0.06131   0.01851   0.01155   0.09137        59       640    0.7219    0.5742    0.6215    0.2585   0.05835   0.01572   0.01675
    89/299     6.69G   0.05624   0.01772  0.009409   0.08337        33       640    0.8161    0.6166    0.6843    0.2888   0.06041   0.01442   0.01356
    90/299     6.69G   0.05808   0.01846  0.008465   0.08501        54       640    0.7593    0.5456    0.6232     0.229   0.05518   0.01441   0.01767
    91/299     6.69G   0.05436    0.0184   0.01186   0.08462        68       640    0.8639    0.7023     0.742    0.3102   0.05393    0.0121  0.009163
    92/299     6.69G   0.05496   0.01867   0.01018   0.08381        46       640    0.7728    0.6916    0.7544    0.3445   0.06097   0.01258    0.0175
    93/299     6.69G   0.04921   0.01831  0.009898   0.07742        39       640    0.8667    0.5781    0.6236    0.2499     0.057   0.01784   0.01524
    94/299     6.69G     0.057   0.01804  0.009273   0.08431        39       640    0.7419    0.7473    0.7419    0.3047    0.0539   0.01288  0.009988
    95/299     6.69G   0.05071   0.01753   0.00927    0.0775        56       640    0.7887    0.6243    0.6947    0.2883   0.05263   0.01284  0.009516
    96/299     6.69G   0.05225   0.01704  0.007256   0.07655        58       640    0.7816    0.7622    0.7651    0.3316   0.05998   0.01186  0.009029
    97/299     6.69G   0.05291   0.01712  0.009425   0.07946        67       640    0.8744    0.7317    0.7695    0.3267   0.05907   0.01256   0.01019
    98/299     6.69G   0.05336   0.01788  0.009336   0.08058        47       640    0.8632    0.7326    0.8009    0.3526    0.0496   0.01195   0.01059
    99/299     6.69G   0.04911   0.01698  0.007552   0.07364        47       640    0.7993    0.7021    0.7449    0.3335   0.05316   0.01365    0.0106
   100/299     6.69G    0.0523   0.01811  0.008602   0.07901        44       640    0.8358    0.6268    0.7301    0.2797   0.05566   0.01412   0.01287
   101/299     6.69G   0.05765   0.01748   0.01069   0.08582        63       640    0.8041    0.6639    0.7119    0.3068    0.0524   0.01358   0.01029
   102/299     6.69G   0.04995   0.01719  0.007778   0.07492        53       640    0.8509    0.7083     0.754    0.3417   0.06885   0.01388    0.0095
   103/299     6.69G   0.05208   0.01816  0.006448   0.07669        50       640    0.8541    0.7551    0.8175    0.3816   0.06473   0.01224  0.008598
   104/299     6.69G   0.05069   0.01603  0.009225   0.07595        41       640    0.7924    0.7572    0.7667    0.3448   0.05772   0.01244  0.008819
   105/299     6.69G   0.05301   0.01681  0.006775    0.0766        41       640    0.8916    0.7489    0.7896    0.3652   0.05656   0.01228   0.01077
   106/299     6.69G   0.05004   0.01767  0.006584   0.07429        72       640    0.8704    0.7129    0.7921    0.3484    0.0564   0.01179   0.00802
   107/299     6.69G    0.0479   0.01565  0.006597   0.07014        38       640    0.8655    0.7077    0.7863     0.355   0.05795   0.01149  0.007247
   108/299     6.69G   0.04852   0.01561  0.007904   0.07204        58       640    0.8176    0.7527    0.7869    0.3691   0.05504   0.01162   0.00761
   109/299     6.69G   0.04603   0.01639  0.007173   0.06959        61       640    0.8409     0.764     0.806    0.3783   0.04859   0.01184  0.007244
   110/299     6.69G   0.04869   0.01561  0.006605    0.0709        45       640    0.9153    0.7868    0.8311    0.3653   0.05395   0.01109  0.007578
   111/299     6.69G    0.0493   0.01585  0.008357   0.07351        54       640     0.908    0.7667    0.8216     0.388   0.05292   0.01119  0.008506
   112/299     6.69G   0.05045     0.016  0.005462   0.07191        66       640     0.827    0.8039    0.8396    0.3812    0.0497   0.01154  0.009543
   113/299     6.69G   0.04994   0.01649   0.01119   0.07763        61       640    0.8947     0.731    0.8113    0.3838   0.05015   0.01223  0.009115
   114/299     6.69G   0.04952   0.01604  0.006582   0.07215        32       640    0.8894    0.7633    0.8086     0.399   0.04979   0.01179  0.009245
   115/299     6.69G   0.04752   0.01638  0.006164   0.07007        49       640    0.8598    0.8366    0.8309    0.3885   0.04362   0.01165   0.01003
   116/299     6.69G    0.0466   0.01559  0.008424   0.07061        44       640    0.9181    0.8058    0.8555    0.4038   0.04788    0.0115  0.008267
   117/299     6.69G   0.04406   0.01563  0.006686   0.06638        48       640    0.8982    0.8238    0.8408    0.4155   0.04279    0.0115  0.006978
   118/299     6.69G   0.04719   0.01529  0.005581   0.06806        39       640    0.8591    0.8222     0.847    0.4131   0.04706   0.01135  0.006389
   119/299     6.69G   0.04689   0.01501   0.00483   0.06673        41       640    0.8725    0.8048    0.8315    0.4134   0.04796   0.01109  0.007843
   120/299     6.69G   0.04752   0.01541   0.00515   0.06808        59       640    0.8937    0.8117    0.8545    0.4053   0.04638   0.01107  0.007564
   121/299     6.69G   0.04293   0.01468  0.004806   0.06242        35       640    0.8306     0.836    0.8299    0.3864   0.04308   0.01131  0.006986
   122/299     6.69G   0.04713   0.01451  0.003864   0.06551        32       640    0.8755    0.8441    0.8636    0.4242   0.04515   0.01112  0.006168
   123/299     6.69G   0.04573   0.01513  0.005454   0.06632        50       640    0.8885    0.8323    0.8743    0.4065   0.04458   0.01085  0.005942
   124/299     6.69G   0.04507   0.01563  0.006913   0.06761        54       640    0.9113    0.8042    0.8742    0.3962   0.04911    0.0111  0.006313
   125/299     6.69G   0.04308   0.01506  0.007108   0.06525        51       640    0.8787    0.8363    0.8664    0.3881   0.05087    0.0109  0.005806
   126/299     6.69G   0.04383   0.01506  0.005314   0.06421        49       640    0.8831    0.8464    0.8782     0.395   0.04167   0.01089  0.005939
   127/299     6.69G   0.04605   0.01484  0.006672   0.06756        45       640    0.9073    0.8584    0.8899    0.4185   0.05063   0.01056  0.005959
   128/299     6.69G    0.0472   0.01408  0.005845   0.06713        33       640    0.9071    0.8237    0.8826    0.4208   0.05453   0.01047  0.006756
   129/299     6.69G   0.04295   0.01511  0.005298   0.06336        67       640    0.8952    0.8486    0.8743    0.4307   0.04759   0.01069  0.008264
   130/299     6.69G   0.04465   0.01602  0.003654   0.06433        78       640    0.8826    0.8317    0.8656    0.4149   0.04435   0.01087  0.007635
   131/299     6.69G   0.04258   0.01502  0.006446   0.06404        69       640    0.8744     0.836    0.8602    0.4247   0.04524   0.01091  0.006903
   132/299     6.69G   0.03972   0.01379  0.005781    0.0593        41       640    0.9096    0.8332    0.8657    0.4365   0.04219   0.01076  0.006269
   133/299     6.69G   0.04507   0.01485  0.006697   0.06661        54       640    0.9053    0.8436    0.8766    0.4425   0.04063   0.01095  0.005195
   134/299     6.69G   0.04404    0.0149  0.005116   0.06405        65       640    0.9023    0.8291    0.8739    0.4542   0.04769   0.01071  0.005164
   135/299     6.69G   0.04374   0.01434  0.004113    0.0622        52       640    0.8938    0.8408    0.8671    0.4381   0.04496   0.01076  0.005513
   136/299     6.69G   0.04342    0.0144   0.00474   0.06256        52       640    0.9304    0.8173    0.8569     0.423   0.05008   0.01084  0.005701
   137/299     6.69G   0.04693    0.0139  0.005485   0.06631        37       640    0.8851    0.8584    0.8708    0.4443   0.03604   0.01096  0.006626
   138/299     6.69G   0.04305   0.01434   0.00809   0.06548        60       640    0.9156    0.8444    0.8887    0.4461   0.04719   0.01066  0.007357
   139/299     6.69G   0.03825   0.01408  0.004192   0.05652        51       640    0.8952    0.8553    0.8878    0.4326   0.04401   0.01047  0.008203
   140/299     6.69G   0.04347   0.01376  0.005543   0.06276        60       640    0.9114    0.8533    0.8862    0.4327   0.03841   0.01037  0.007236
   141/299     6.69G   0.03949   0.01353   0.00371   0.05673        48       640    0.8884    0.8484    0.8799    0.4478   0.04347   0.01039   0.00714
   142/299     6.69G   0.04004    0.0135  0.004451   0.05799        38       640    0.8831    0.8507    0.8802    0.4237   0.04172   0.01051  0.007249
   143/299     6.69G   0.04122   0.01378  0.004011     0.059        46       640     0.901    0.8682     0.885     0.434   0.04115   0.01046   0.00663
   144/299     6.69G   0.03978    0.0137  0.003061   0.05654        49       640    0.8944    0.8255    0.8774    0.4341   0.03844   0.01039  0.006345
   145/299     6.69G   0.03934   0.01277  0.005456   0.05756        53       640    0.8935    0.8498    0.8844    0.4227   0.03968   0.01037   0.00646
   146/299     6.69G   0.04306   0.01406  0.007272    0.0644        57       640    0.9171    0.8501    0.8814    0.4355   0.04375   0.01026  0.006561
   147/299     6.69G   0.04298   0.01395  0.004499   0.06143        69       640    0.9026    0.8479    0.8756    0.4396   0.04738   0.01034  0.006905
   148/299     6.69G   0.04289   0.01362  0.004155   0.06067        39       640    0.8998    0.8234    0.8632    0.4212   0.04556   0.01042  0.007567
   149/299     6.69G   0.04296   0.01444  0.003324   0.06072        67       640    0.8784     0.827    0.8581    0.4213   0.04917   0.01053  0.009051
   150/299     6.69G   0.03948   0.01449  0.003937    0.0579        62       640    0.9194    0.8535    0.8789    0.4141   0.04006   0.01069   0.00874
   151/299     6.69G   0.04294   0.01345  0.005783   0.06217        51       640    0.9222     0.863    0.8832    0.4298   0.04338   0.01059  0.008274
   152/299     6.69G    0.0402   0.01332  0.006574   0.06009        56       640    0.9484    0.8727     0.891    0.4365   0.04051    0.0104  0.006737
   153/299     6.69G   0.04033    0.0137  0.004334   0.05836        42       640    0.9249    0.8771    0.9006    0.4605   0.03972   0.01026   0.00542
   154/299     6.69G   0.04219   0.01406  0.003399   0.05965        48       640    0.9325     0.846    0.9072     0.451   0.04421   0.01029  0.004489
   155/299     6.69G   0.03991   0.01379  0.004043   0.05775        57       640    0.9229    0.8582    0.8938    0.4794   0.04229   0.01046  0.005059
   156/299     6.69G   0.04098   0.01411  0.003775   0.05887        62       640    0.9038     0.852    0.8867    0.4523   0.03893   0.01058  0.005307
   157/299     6.69G   0.03943   0.01375  0.005831   0.05902        65       640    0.8715    0.8921    0.8808     0.446   0.03669   0.01051  0.005205
   158/299     6.69G   0.04035   0.01333  0.003768   0.05745        39       640    0.8918    0.8645    0.8773    0.4459    0.0379   0.01043  0.004988
   159/299     6.69G   0.04125   0.01346  0.003688    0.0584        42       640    0.9221    0.8666    0.8756    0.4278    0.0433   0.01069  0.005369
   160/299     6.69G   0.03934   0.01328  0.004624   0.05724        38       640    0.9181    0.8497    0.8737    0.4415   0.03779   0.01054  0.005929
   161/299     6.69G   0.04023   0.01347  0.004562   0.05826        44       640    0.9263    0.8643    0.8885    0.4532   0.04732   0.01048  0.004985
   162/299     6.69G   0.03758   0.01412   0.00329   0.05498        72       640    0.8995    0.8608    0.8796    0.4499   0.04202   0.01059  0.005464
   163/299     6.69G   0.03844   0.01285  0.004678   0.05597        44       640    0.9368    0.8667    0.8897    0.4536   0.04254   0.01052  0.004865
   164/299     6.69G   0.03703   0.01286  0.003697   0.05359        55       640    0.9217    0.8757    0.9004     0.461   0.03966   0.01046  0.004748
   165/299     6.69G   0.03781   0.01392  0.002611   0.05434        63       640    0.8881    0.8867    0.9034    0.4454   0.04474   0.01051  0.005145
   166/299     6.69G   0.04002   0.01358  0.003989   0.05759        27       640    0.9137    0.8474    0.8998     0.424   0.04074   0.01054  0.005299
   167/299     6.69G   0.04226   0.01385  0.003289    0.0594        63       640    0.8978    0.8444    0.8765    0.4212   0.03787   0.01077  0.005913
   168/299     6.69G     0.042   0.01373  0.004006   0.05974        54       640     0.932    0.8434    0.8835    0.4344   0.04621   0.01034  0.005666
   169/299     6.69G    0.0367   0.01289  0.004365   0.05395        41       640    0.9328     0.892    0.9051    0.4672   0.03848   0.01024  0.005222
   170/299     6.69G   0.03816     0.014  0.003188   0.05535        61       640    0.9247    0.8836    0.8985    0.4363   0.04163   0.01032  0.004814
   171/299     6.69G   0.03597   0.01344   0.00337   0.05278        58       640    0.9024    0.8778    0.8926    0.4341   0.04709   0.01029  0.005238
   172/299     6.69G   0.03943   0.01386  0.004562   0.05785        67       640    0.9185    0.8889    0.8983    0.4565    0.0385   0.01032  0.005305
   173/299     6.69G   0.03654   0.01362  0.003509   0.05367        81       640    0.8854    0.8915    0.8927    0.4387   0.03519   0.01073  0.005297
   174/299     6.69G   0.03691   0.01342  0.004387   0.05472        65       640    0.9245    0.8412    0.8827    0.4604   0.03935    0.0107  0.005514
   175/299     6.69G   0.03814   0.01259  0.003291   0.05402        26       640    0.9342    0.8528    0.8841    0.4465   0.04196   0.01054  0.005062
   176/299     6.69G   0.03353   0.01355  0.005326   0.05241        59       640    0.9175    0.8595    0.8973    0.4504   0.03895    0.0103  0.004626
   177/299     6.69G    0.0372   0.01301  0.002618   0.05283        35       640    0.9411    0.8367    0.8938    0.4437   0.03873   0.01041   0.00479
   178/299     6.69G   0.03862   0.01325  0.003585   0.05545        42       640     0.885    0.8655    0.8729    0.4458   0.04466   0.01068  0.005567
   179/299     6.69G   0.03443   0.01297  0.002738   0.05014        56       640    0.8834    0.8372    0.8638    0.4254   0.04477   0.01084  0.007074
   180/299     6.69G   0.03675   0.01299  0.002453   0.05219        31       640    0.8392    0.8778    0.8783    0.4397   0.03746   0.01075  0.006501
   181/299     6.69G   0.03542   0.01286   0.00273   0.05101        51       640    0.8851    0.8638    0.8975    0.4445   0.04078    0.0108  0.006182
   182/299     6.69G   0.03867   0.01331  0.003945   0.05593        59       640    0.8958    0.8788     0.912    0.4423   0.03689   0.01042  0.005554
   183/299     6.69G   0.03667   0.01348  0.003942   0.05409        62       640    0.8826    0.8712    0.8963    0.4511   0.03828   0.01032  0.006827
   184/299     6.69G   0.03702   0.01249  0.003365   0.05288        44       640     0.872    0.8603    0.8761    0.4269   0.04133   0.01052  0.007762
   185/299     6.69G   0.03674   0.01316  0.003531   0.05343        52       640    0.8693    0.8544     0.876    0.4186   0.04122   0.01054  0.007555
   186/299     6.69G   0.03516   0.01267   0.00282   0.05065        46       640    0.9172    0.8016     0.865    0.4202   0.04407   0.01038  0.006579
   187/299     6.69G   0.03778   0.01292  0.002719   0.05342        57       640    0.8853    0.8445    0.8862    0.4407   0.04246   0.01012  0.005896
   188/299     6.69G   0.03584   0.01266  0.003663   0.05216        48       640    0.8942    0.8774    0.8872    0.4632   0.03778   0.01007  0.005429
   189/299     6.69G   0.03606   0.01264  0.003933   0.05264        52       640    0.8996    0.8519    0.8882    0.4569   0.03742   0.01013  0.005129
   190/299     6.69G   0.03554   0.01318  0.003179    0.0519        66       640    0.9052    0.8514    0.8994    0.4436   0.03935   0.01031  0.005206
   191/299     6.69G   0.03569   0.01323  0.002827   0.05175        60       640     0.884    0.9008    0.8929    0.4406   0.04116    0.0102   0.00495
   192/299     6.69G   0.03494   0.01279  0.004308   0.05204        43       640    0.8988    0.8751    0.8712    0.4224   0.04049   0.01037   0.00441
   193/299     6.69G   0.03416   0.01248  0.003351   0.04999        57       640    0.9009    0.8424    0.8501    0.4216    0.0394    0.0105  0.004579
   194/299     6.69G   0.03436   0.01347  0.003181   0.05101        59       640    0.8939    0.8436    0.8641    0.4293   0.03858    0.0106   0.00475
   195/299     6.69G   0.03702   0.01487  0.003372   0.05527        40       640    0.8867    0.8632      0.88     0.454    0.0393    0.0105  0.004137
   196/299     6.69G   0.03631   0.01366  0.003267   0.05324        66       640    0.9335    0.8283    0.8752    0.4443   0.04051   0.01078  0.004106
   197/299     6.69G   0.03521   0.01389  0.003451   0.05255        39       640    0.9121    0.8274    0.8827    0.4212   0.04262   0.01069  0.004712
   198/299     6.69G   0.03653   0.01394  0.005126    0.0556        68       640    0.8941     0.858    0.8966    0.4484   0.03782   0.01035  0.003239
   199/299     6.69G   0.03637   0.01408  0.003424   0.05388        45       640    0.9113    0.8162    0.8826    0.4312   0.03889   0.01103   0.00367
   200/299     6.69G   0.03868   0.01475  0.003582   0.05701        61       640    0.9148    0.7974    0.8629    0.4276   0.04143   0.01123  0.005213
   201/299     6.69G   0.03527   0.01393  0.002802     0.052        62       640    0.8953     0.821    0.8703    0.4188   0.03852   0.01103  0.005934
   202/299     6.69G   0.03653   0.01325  0.002196   0.05197        53       640    0.8977    0.8144    0.8732    0.4376   0.04198   0.01063  0.005478
   203/299     6.69G   0.03332   0.01306  0.003318    0.0497        50       640    0.9024    0.8353    0.8733    0.4279    0.0395   0.01068  0.005216
   204/299     6.69G   0.03438    0.0138  0.003092   0.05127        58       640    0.9356    0.8101    0.8626    0.4186   0.03794   0.01063  0.005711
   205/299     6.69G   0.03749   0.01364  0.003287   0.05441        76       640    0.9327     0.821    0.8703    0.4382   0.04077   0.01041  0.005902
   206/299     6.69G   0.03458   0.01295  0.002557   0.05009        44       640    0.9041    0.8565    0.8752    0.4235   0.03925   0.01047  0.005586
   207/299     6.69G   0.03575   0.01294  0.003792   0.05249        55       640    0.8993    0.8726    0.8887    0.4286   0.03862    0.0105  0.005145
   208/299     6.69G   0.04049    0.0128  0.003079   0.05637        34       640    0.8946    0.8811    0.8799    0.4421   0.04114   0.01049  0.004657
   209/299     6.69G   0.03643   0.01321  0.003381   0.05302        47       640    0.8987    0.8861    0.8799    0.4611   0.03511   0.01058  0.004988
   210/299     6.69G   0.03437   0.01316  0.002513   0.05004        58       640    0.9384    0.8498    0.8775    0.4566   0.03613   0.01054  0.005355
   211/299     6.69G   0.03466   0.01259  0.002461   0.04971        53       640    0.9035    0.8735    0.8793    0.4628   0.03767   0.01039  0.005248
   212/299     6.69G   0.03575   0.01358  0.003463   0.05279        55       640    0.9283    0.8526    0.8787    0.4531      0.04    0.0103  0.005033
   213/299     6.69G   0.03417   0.01334  0.002273   0.04979        41       640    0.9071    0.8517     0.868    0.4417   0.04047   0.01017  0.004994
   214/299     6.69G   0.03432   0.01264  0.002873   0.04983        32       640    0.9309    0.8512    0.8787    0.4479   0.03428   0.01028  0.005027
   215/299     6.69G   0.03359   0.01266  0.003004   0.04926        58       640     0.933    0.8392    0.8959     0.461   0.03421   0.01044  0.005238
   216/299     6.69G   0.03284   0.01305  0.003979   0.04987        51       640    0.9044    0.8687    0.8916    0.4632   0.03669   0.01031  0.005181
   217/299     6.69G    0.0324   0.01321  0.002376   0.04799        60       640    0.9137    0.8644    0.8922    0.4605   0.03688   0.01032  0.005108
   218/299     6.69G   0.03601   0.01349  0.003543   0.05305        79       640    0.8983    0.8653     0.888    0.4615   0.03735   0.01029   0.00506
   219/299     6.69G    0.0299   0.01278  0.002742   0.04543        52       640    0.9144    0.8581    0.8923    0.4676   0.03483   0.01019  0.004817
   220/299     6.69G   0.03082   0.01228  0.002261   0.04536        57       640    0.8925    0.8773    0.8947    0.4555   0.04033   0.01008  0.004057
   221/299     6.69G    0.0324   0.01251  0.002382    0.0473        45       640    0.9195    0.8458    0.8978    0.4674   0.03341   0.01015   0.00381
   222/299     6.69G   0.03318   0.01317  0.002219   0.04856        36       640    0.9406    0.8369     0.903    0.4744   0.03448   0.01014  0.003833
   223/299     6.69G   0.03068   0.01251  0.002337   0.04552        50       640    0.9246    0.8568    0.8971    0.4638   0.03859   0.01028  0.004329
   224/299     6.69G   0.03117   0.01278  0.001836   0.04579        47       640    0.8855    0.8692    0.9073    0.4737   0.03366   0.01032  0.005118
   225/299     6.69G   0.03303   0.01168  0.002614   0.04733        32       640    0.8929    0.8438     0.887    0.4764    0.0348   0.01034  0.005721
   226/299     6.69G   0.03424    0.0128   0.00351   0.05055        67       640    0.8737    0.8713    0.8912    0.4682   0.03314   0.01045  0.005518
   227/299     6.69G   0.03392   0.01251  0.003467    0.0499        67       640     0.915     0.849    0.8935    0.4679   0.03658   0.01043  0.005094
   228/299     6.69G   0.03431   0.01259   0.00184   0.04874        51       640    0.9362    0.8375    0.8909    0.4437   0.03717   0.01038  0.005106
   229/299     6.69G   0.03308   0.01288  0.002748   0.04871        62       640    0.9342    0.8447    0.8863    0.4398   0.03664    0.0103  0.005078
   230/299     6.69G   0.03315   0.01238  0.001978    0.0475        54       640    0.9303    0.8375    0.8853    0.4583   0.04064   0.01027  0.005661
   231/299     6.69G   0.03602   0.01276  0.002377   0.05117        52       640     0.908    0.8655    0.8861     0.453   0.04369   0.01009  0.005897
   232/299     6.69G   0.03096   0.01199  0.001815   0.04477        59       640    0.9282    0.8583    0.8863    0.4519   0.03856   0.01007   0.00591
   233/299     6.69G   0.03352   0.01333  0.003262   0.05012        45       640    0.9095    0.8628    0.8795    0.4612   0.03857  0.009984  0.005441
   234/299     6.69G   0.03142   0.01303  0.002489   0.04694        61       640    0.8975    0.8732    0.9001    0.4826   0.03748  0.009944  0.005161
   235/299     6.69G   0.03071   0.01239  0.001726   0.04483        36       640    0.8854    0.8856    0.9104    0.4608   0.04017   0.01015  0.005344
   236/299     6.69G    0.0329   0.01191  0.003365   0.04818        47       640    0.9065    0.8653    0.8805    0.4408   0.03734   0.01029  0.005082
   237/299     6.69G   0.03396   0.01242  0.003709   0.05009        43       640    0.9153    0.8553    0.8991    0.4572   0.03222   0.01031   0.00563
   238/299     6.69G   0.03265   0.01259   0.00253   0.04777        53       640    0.8691    0.8691     0.898    0.4626   0.03278   0.01022   0.00635
   239/299     6.69G   0.02932   0.01273  0.003374   0.04542        57       640    0.8784    0.8648     0.884    0.4638   0.03372   0.01004  0.006127
   240/299     6.69G   0.03163   0.01246  0.002261   0.04635        39       640     0.898    0.8809    0.8989     0.464     0.036  0.009917  0.005477
   241/299     6.69G   0.02898   0.01271  0.001859   0.04354        67       640    0.8813    0.8911    0.8998    0.4623   0.03517   0.01001  0.004717
   242/299     6.69G   0.03254   0.01203  0.002986   0.04756        36       640    0.8695    0.8978    0.8996    0.4605    0.0328   0.01007   0.00445
   243/299     6.69G    0.0294    0.0128  0.002313   0.04451        56       640    0.9046    0.8646    0.8983    0.4736    0.0327      0.01  0.004235
   244/299     6.69G   0.02936   0.01166  0.002231   0.04325        45       640    0.8847    0.8756     0.887    0.4636   0.03964      0.01  0.004017
   245/299     6.69G   0.03045   0.01269  0.002201   0.04534        40       640    0.9405    0.8445     0.896    0.4655    0.0355  0.009988  0.004076
   246/299     6.69G   0.03192    0.0123   0.00183   0.04604        52       640    0.9405    0.8457    0.9065    0.4765   0.03138  0.009975  0.004322
   247/299     6.69G   0.03042   0.01272  0.001526   0.04467        57       640    0.9411    0.8513    0.9007    0.4761   0.03595   0.01009  0.004287
   248/299     6.69G   0.02974   0.01233   0.00171   0.04377        43       640    0.9221    0.8615     0.895    0.4702   0.03143   0.01027  0.004439
   249/299     6.69G   0.03274   0.01206  0.002256   0.04706        59       640    0.9304    0.8494    0.8939    0.4683   0.03464    0.0102  0.004406
   250/299     6.69G   0.02851   0.01171  0.002374   0.04259        64       640    0.9129    0.8757    0.9079    0.4682   0.03192   0.01018  0.003823
   251/299     6.69G   0.02982   0.01259   0.00275   0.04516        58       640    0.9235    0.8777    0.9039    0.4537   0.03491   0.01019   0.00358
   252/299     6.69G   0.03094   0.01199  0.003198   0.04613        69       640    0.9033    0.8796    0.9072     0.464   0.03161   0.01007  0.004113
   253/299     6.69G   0.02857   0.01232  0.001873   0.04276        59       640    0.9127    0.8696     0.891     0.462   0.03396      0.01   0.00462
   254/299     6.69G    0.0293   0.01175  0.001544    0.0426        42       640    0.9085    0.8642    0.8807    0.4523   0.03749   0.01008  0.004709
   255/299     6.69G   0.03105   0.01219  0.001649   0.04489        68       640    0.9249    0.8761     0.887    0.4629   0.03512   0.01009  0.004544
   256/299     6.69G   0.03263   0.01259   0.00445   0.04968        56       640    0.9177     0.871    0.8831    0.4533   0.03743    0.0102  0.004682
   257/299     6.69G   0.02917   0.01199  0.001879   0.04303        44       640    0.9078    0.8761    0.8845    0.4622   0.03508   0.01032  0.004975
   258/299     6.69G   0.03014   0.01232  0.003801   0.04626        65       640    0.9088    0.8734    0.8961    0.4573   0.04025   0.01021  0.004916
   259/299     6.69G   0.03125   0.01194  0.001744   0.04493        33       640    0.9088    0.8777    0.8981    0.4656   0.03594   0.01015  0.005002
   260/299     6.69G   0.03187   0.01253  0.001952   0.04635        59       640    0.9139    0.8791    0.9028    0.4733    0.0343   0.01012  0.005146
   261/299     6.69G   0.02948   0.01227  0.002029   0.04378        44       640    0.9036    0.8819    0.8928    0.4634   0.03485   0.01023  0.005271
   262/299     6.69G   0.03155   0.01259  0.002511   0.04665        75       640    0.9065    0.8526    0.8854    0.4466   0.03781    0.0102  0.005196
   263/299     6.69G   0.02912   0.01228  0.002543   0.04395        50       640    0.9258    0.8583     0.899    0.4638    0.0379    0.0101  0.004902
   264/299     6.69G   0.03082   0.01092  0.002208   0.04395        51       640     0.916    0.8618    0.8916    0.4526   0.03789   0.01004  0.004486
   265/299     6.69G   0.03059   0.01227  0.001953   0.04481        46       640    0.9156     0.856    0.8761    0.4581   0.03468   0.01001  0.004354
   266/299     6.69G   0.03212   0.01201  0.003139   0.04727        69       640    0.9133    0.8387    0.8916    0.4582   0.03486   0.01016  0.004532
   267/299     6.69G   0.03114   0.01223  0.002245   0.04561        66       640     0.898    0.8444    0.9009    0.4652   0.03348   0.01025  0.005439
   268/299     6.69G   0.03003   0.01256  0.001944   0.04454        55       640     0.876    0.8583    0.8846    0.4516   0.03402    0.0103  0.006233
   269/299     6.69G   0.03181   0.01221  0.002986   0.04701        49       640    0.8988    0.8398    0.8729    0.4508   0.04044   0.01021  0.006211
   270/299     6.69G   0.03061   0.01252  0.004107   0.04724        72       640    0.8998    0.8503    0.8788    0.4686   0.03681   0.01025  0.005574
   271/299     6.69G   0.02859   0.01203  0.002494   0.04311        51       640    0.9086    0.8588    0.8877    0.4747   0.03637   0.01037  0.005294
   272/299     6.69G   0.02806   0.01215  0.001662   0.04187        40       640    0.9115    0.8521    0.8794    0.4745   0.03287   0.01055  0.004949
   273/299     6.69G   0.02959   0.01239  0.003118    0.0451        49       640    0.9116    0.8436    0.8819    0.4728   0.03061   0.01058  0.004484
   274/299     6.69G   0.02803   0.01213   0.00235   0.04251        65       640    0.8879    0.8741    0.8925    0.4673   0.03338   0.01048   0.00438
   275/299     6.69G   0.02895   0.01253  0.002036   0.04351        60       640    0.9218    0.8423    0.8976     0.452   0.03623   0.01043  0.004263
   276/299     6.69G   0.02741   0.01175  0.002918   0.04208        57       640    0.9086    0.8642    0.8973    0.4564   0.03623   0.01037  0.003809
   277/299     6.69G   0.02991   0.01221  0.002702   0.04482        46       640    0.9263    0.8598    0.8911     0.449   0.03183   0.01029  0.003803
   278/299     6.69G   0.02812   0.01188  0.002165   0.04217        70       640     0.919    0.8514    0.8844    0.4521   0.03201   0.01049  0.003749
   279/299     6.69G   0.02787   0.01194  0.001633   0.04145        37       640    0.9305    0.8261    0.8857    0.4613   0.03319   0.01048  0.004135
   280/299     6.69G   0.03003   0.01223  0.002117   0.04439        52       640    0.9135    0.8328    0.8946    0.4731   0.03298    0.0103  0.004284
   281/299     6.69G   0.02901   0.01282   0.00195   0.04378        64       640    0.8954    0.8835    0.9011    0.4894   0.03116    0.0102  0.003858
   282/299     6.69G   0.02902   0.01235  0.002129    0.0435        49       640    0.9115    0.8743    0.9082     0.475   0.03502   0.01017  0.003859
   283/299     6.69G   0.02964   0.01193  0.001606   0.04317        61       640    0.8838    0.8804    0.9004     0.468   0.04058  0.009942  0.003932
   284/299     6.69G   0.03264   0.01269  0.001814   0.04715        85       640     0.895    0.8816    0.9026    0.4697   0.03836   0.00986  0.004208
   285/299     6.69G   0.02915   0.01158  0.001484   0.04221        43       640    0.9158    0.8508     0.902    0.4659   0.03414  0.009968  0.004475
   286/299     6.69G   0.02618   0.01179  0.001687   0.03966        56       640    0.9139    0.8525    0.9019     0.476   0.03414   0.01009  0.004558
   287/299     6.69G   0.02743   0.01133  0.001476   0.04023        33       640    0.9375    0.8372    0.8996    0.4774   0.03403   0.01025  0.004593
   288/299     6.69G   0.02973   0.01289  0.002486   0.04511        78       640     0.917    0.8479    0.8936    0.4693   0.03599   0.01019  0.004424
   289/299     6.69G   0.02837    0.0124  0.003202   0.04397        56       640    0.9076    0.8595     0.897    0.4663   0.03519   0.01008  0.004007
   290/299     6.69G   0.02984   0.01183  0.002349   0.04402        47       640    0.9037    0.8675    0.8969    0.4802   0.03384  0.009999  0.003676
   291/299     6.69G   0.02821   0.01177   0.00137   0.04135        44       640    0.8838     0.894    0.8983    0.4837   0.03465   0.01003  0.003571
   292/299     6.69G   0.02874   0.01253  0.001332    0.0426        67       640    0.8959    0.8939    0.8991    0.4868   0.03189   0.01006  0.003504
   293/299     6.69G   0.02824    0.0124   0.00169   0.04234        51       640     0.909    0.8876    0.9053    0.4885   0.03383   0.01001  0.003031
   294/299     6.69G   0.02896   0.01192  0.001706   0.04259        41       640    0.9277    0.8864    0.9028    0.4882   0.03163   0.01003  0.002953
   295/299     6.69G   0.02984   0.01195  0.001401   0.04319        47       640    0.8971    0.8959    0.9025    0.4833   0.03228   0.01006  0.003428
   296/299     6.69G   0.02754   0.01172  0.002439   0.04169        39       640    0.9181    0.8793    0.9043    0.4695   0.03271   0.01019  0.003836
   297/299     6.69G   0.02703   0.01217  0.001646   0.04084        54       640    0.9217    0.8755    0.8948    0.4694   0.03578   0.01034  0.003929
   298/299     6.69G   0.02637   0.01202   0.00192   0.04031        66       640    0.8913    0.8686    0.8869    0.4741   0.03228   0.01045  0.003909
   299/299     6.69G   0.02795   0.01211  0.004003   0.04406        78       640    0.8981    0.8374    0.8827    0.4732   0.03324   0.01043  0.004164
